Format : {date},{time},{deposit_withdraw},{balance}
Deposit : 22/22/2022,22:22,0,10000.00
Withdrawal : 10/10/2022,15:12,1000,9000.0
Withdrawal : 10/10/2022,15:12,1000,8000.0
Withdrawal : 10/10/2022,10:10,1000,7000.0
Deposit : 10/10/2022,15:12,3000,10000.0
Deposit : 10/10/2022,14:12,90000,100000.0
Withdrawal : 10/10/2022,10:10,50000,50000.0
Deposit : 10/10/2022,12:10,50000,100000.0
Deposit : 09/02/2022,14:44,1,100001.0
Withdrawal : 07/04/2022,13:12,2,99999.0
